270338
134790
120
85796 4593 85803 4606 
264582 105474 264593 105484 
195215 90317 195228 90324 
76306 125540 76314 125551 
105788 95382 105792 95384 
145291 37356 145293 37357 
209110 61527 209122 61531 
260905 9682 260910 9686 
250851 113288 250866 113299 
121074 23066 121079 23067 
59142 127032 59146 127047 
73538 51719 73546 51730 
248524 73566 248525 73579 
117709 65946 117719 65952 
158832 65357 158836 65358 
265079 94257 265085 94258 
205779 86000 205792 86009 
10159 49863 10171 49865 
70674 127731 70683 127741 
88053 130651 88063 130666 
185674 47644 185679 47648 
214105 99324 214120 99336 
221034 117318 221047 117321 
35751 99958 35764 99970 
137077 108955 137091 108960 
251853 17559 251864 17562 
142342 11236 142354 11240 
119104 106589 119113 106597 
120148 64270 120162 64281 
122425 58662 122426 58673 
51548 121649 51551 121654 
12344 25292 12348 25302 
101433 93131 101445 93138 
255397 78879 255406 78889 
20169 104453 20178 104455 
203293 68074 203303 68079 
236239 10002 236240 10010 
19440 43966 19443 43974 
129369 55723 129377 55738 
237693 426 237695 438 
229392 26699 229396 26709 
206636 29192 206640 29199 
132975 38726 132982 38732 
206183 83850 206184 83856 
74166 20976 74175 20989 
171719 129783 171734 129784 
138641 74886 138652 74891 
201250 103501 201265 103511 
70119 120642 70130 120651 
119457 116776 119464 116787 
138455 21283 138461 21294 
66428 76683 66430 76694 
144863 132433 144874 132441 
87556 11719 87561 11734 
176536 27266 176541 27268 
253550 103183 253558 103192 
74067 10754 74069 10759 
32635 10942 32645 10944 
32848 83005 32857 83012 
191099 10722 191106 10732 
194982 68386 194987 68401 
193885 84525 193900 84534 
188643 54446 188646 54450 
22698 43020 22710 43035 
61197 30430 61202 30442 
124619 125028 124629 125031 
161895 117198 161910 117207 
126788 73407 126801 73421 
188012 78266 188018 78278 
125871 63100 125886 63103 
21170 118059 21183 118064 
87516 12549 87528 12558 
172222 88221 172236 88231 
231407 121947 231411 121958 
121488 42586 121491 42588 
253696 126099 253707 126105 
232333 94002 232345 94003 
191118 13419 191130 13423 
242612 13802 242617 13815 
22094 43184 22101 43193 
135752 129175 135761 129182 
201687 102307 201701 102320 
182232 58770 182241 58780 
254459 16264 254469 16275 
192103 127118 192108 127129 
46585 100330 46596 100340 
108732 110714 108747 110720 
152485 41058 152491 41060 
110439 35949 110447 35959 
212715 36407 212724 36420 
172312 4284 172318 4290 
41081 57407 41089 57418 
228088 11205 228103 11211 
258733 98024 258743 98029 
216675 3726 216684 3729 
134380 81576 134381 81579 
200381 46376 200387 46386 
9313 128307 9322 128317 
66680 15152 66695 15160 
201208 106492 201209 106505 
94321 122201 94328 122204 
174713 32603 174721 32614 
42768 34990 42772 35001 
188891 55446 188903 55457 
263305 93222 263308 93231 
54895 12230 54908 12242 
269617 29516 269631 29529 
213561 18289 213569 18290 
87034 35969 87036 35973 
62434 117598 62447 117612 
201747 115968 201754 115970 
549 43874 553 43879 
257245 11535 257247 11537 
48257 130497 48271 130506 
81877 94004 81883 94008 
128286 7038 128298 7040 
196467 50716 196477 50724 
217321 85540 217327 85541 
19628 93055 19643 93058 
53759 70 53773 80 
